14
250
ђЂ‘•Ћ„› в/з
-Їў-1
51
1
1
-GвЈ1-
12
82
1
10
160
250
70
14
13
6
0
0
3000
1000
ђЂ‘•  ѓ–Ќ в/з
            -14
58
1
0
10
320
250
70
11
15
6
0
0
9000
2000
ђЂ‘•  ѓ–Ќ в/з
        -13
57
1
0
10
320
250
70
11
14
6
0
0
9000
2000
ђЂ‘•  ѓ–Ќ в/з
    -12
56
1
0
10
320
250
70
11
13
6
0
0
9000
2000
ђЂ‘•  ѓ–Ќ в/з
-11
55
1
0
10
320
250
70
11
12
6
0
0
9000
2000
ђ бе®¤ в/з
-Їў2-
73
1
1
-GвЈ2-
10
83
1
320
160
250
70
14
13
6
0
0
3000
1000
ђЂ‘•  ѓ–Ќ в/з
            -24
80
1
0
320
320
250
70
11
15
6
0
0
9000
2000
ђЂ‘•  ѓ–Ќ в/з
        -23
79
1
0
320
320
250
70
11
14
6
0
0
9000
2000
ђЂ‘•  ѓ–Ќ в/з
    -22
78
1
0
320
320
250
70
11
13
6
0
0
9000
2000
ђЂ‘•  ѓ–Ќ в/з
-21
77
1
0
320
320
250
70
11
12
6
0
0
9000
2000
 вЁ
-ђЎ/б1-
61
1
1
-ђЎ/б2-
10
71
1
10
240
250
70
14
13
6
1
0
73
65
бЁЈ­.ђ„‘
          (®в­)
84
1
0
320
240
250
70
10
13
4
1
0
4
-4
“ђЋ‚…Ќњ ‚ Ѓ‘-1
 (m¬)
60
1
0
10
80
250
70
10
13
4
1
0
200
-200
“ђЋ‚…Ќњ ‚ Ѓ‘-2
 (m¬)
17
1
0
320
80
250
70
10
13
4
1
0
200
-200