20
100
N
  (Мвт)
14
1
0
1
64
100
50
14
13
4
0
0
3500
0
Vпар
-1-
41
1
1
-2-
9
42
1
160
64
100
50
13
11
4
2
0
0.95
0.3
Рo
(Beta)
33
1
0
1
128
100
50
14
12
9
-1
0
1e-2
-1e-2
ПЕР
(сек)
13
1
0
1
192
100
50
14
10
4
0
2
1e4
10
lgN
(Мвт)
16
1
0
1
256
100
50
14
13
4
0
0
2
-10
Nтк
-1
28
1
1
-кр1
12
34
1
1
320
100
50
14
10
4
2
0
3.5
0
Mпар
-1
31
1
1
-2
9
32
1
160
128
100
50
10
11
4
2
0
0.2
0
недTs
-1
39
1
1
-2
10
40
1
160
192
100
50
10
13
4
0
0
20
0
Gкмпц
-1
24
1
1
-2
14
25
1
160
256
100
50
10
13
5
0
0
30000
10000
Nтк
-2
28
1
1
-кр2
12
35
1
160
320
100
50
14
10
4
2
0
3.5
0
Эф Граф
(ае)
46
1
0
310
64
100
50
7
13
8
-1
0
5e-3
-5e-3
Эфф Пара
(ае)
47
1
0
310
128
100
50
7
14
8
-1
0
2.5e-3
-2.5e-3
Эфф Топл
(ае)
48
1
0
310
192
100
50
7
12
8
-1
0
5e-4
-5e-4
Эфф Xe
(ае)
49
10
0
310
256
100
50
7
15
8
-1
0
5e-3
-5e-3
Эфф Выг
(ае)
50
10
0
310
320
100
50
7
10
8
-1
0
0
-5e-5
Tтепл
-1
26
1
1
-2
11
27
1
480
64
100
50
10
14
3
1
0
300
250
TобТвэл
-1
18
1
1
-2
11
19
1
480
128
100
50
10
14
3
1
0
400
200
T топл
-1
22
1
1
-2
11
23
1
480
192
100
50
10
14
4
0
0
2500
500
T Графит
-1
20
1
1
-2
11
21
1
480
256
100
50
10
14
4
0
0
750
100
P БС
(кгс)
36
1
0
480
320
100
50
13
14
3
1
0
75
65