
8
250
Т вх А.З.
-1-
26
1
1
-2-
10
27
1
0
80
250
70
11
13
4
1
0
 3.00000000000000E+0002
 8.00000000000000E+0001
эффект Топл
В эфф
48
1
0
0
160
250
70
12
14
4
2
0
 4.99999999999945E-0003
-4.99999999999945E-0003
Т-топл.
-1-
22
1
1
-2-
4
23
1
0
240
250
70
9
10
4
0
0
 2000
 1000
Об"ем.паросод
-1-
41
1
1
-2-
15
42
1
0
320
250
70
13
14
4
3
0
9e-1
3e-1
Т гр(С)
-1-
20
1
1
-2-
15
21
1
320
80
250
70
7
11
4
1
0
 7.00000000000000E+0002
 1.00000000000000E+0002
эфф Граф
-в эфф-
46
1
0
320
160
250
70
14
4
5
4
0
 4.99999999999945E-0002
-4.99999999999945E-0002
вес.паросод.
-1-
31
1
1
-2-
12
32
1
320
240
250
70
15
11
4
2
0
 0.5
 0.00000000000000E+0000
пар эфф
-A.E.-
47
1
0
320
320
250
70
10
13
5
4
0
1e-2
-0.1e-2
