8
250
ЛОГАР МОЩНОСТЬ (МВт)

16
1
0
10
80
250
70
10
11
0
7
0
2
-10
Т-топл.
-1-
22
1
1
-2-
4
23
1
10
160
250
70
9
10
4
0
0
 1500
 100
ПЕРИОД(сек)

13
1
0
10
240
250
70
10
15
6
0
2
1000
15
Кол.ст.РР в АЗ

11
1
0
10
320
250
70
13
10
4
0
0
100
0
Нейтр.мощность(Диапазон АР-3;МВт)

14
1
0
330
80
250
70
13
10
4
0
0
400
100
N-нейтр(Диапазон АР-3;МВт)

14
1
0
330
160
250
70
14
10
4
1
0
100
10
Нейтр.мощность(УЗС-П,Р)

14
1
0
330
240
250
70
11
10
4
1
0
10
1
ПОЛОЖ.ст.АР-2,3[M]
-АР 2-
5
1
1
-АР 3-
13
6
1
330
320
250
70
11
10
5
0
0
7
0

