14
250
ати
-Рд1-
95
1
1
-Рд2
12
96
1
10
160
250
70
14
13
6
0
0
7.5
0
Н-см
             -Д1
97
1
0
10
320
250
70
11
15
6
0
0
300
0
Н
           -Д2
98
1
0
10
320
250
70
11
14
6
0
0
300
0
см
          -НК1
99
1
0
10
320
250
70
11
13
6
0
0
300
0
Н
   -НК2
100
1
0
10
320
250
70
11
12
6
0
0
300
0
всасГЦН
-Тнед1-
93
1
1
-Тнед2-
10
94
1
320
160
250
70
14
13
6
0
0
30
0
Gбру-к т/ч
 -тг1-
87
1
0
320
320
250
70
11
15
6
0
0
1500
0
Gбру-к
         -тг2-
88
1
0
320
320
250
70
11
14
6
0
0
1500
0
ати
-Рб/с1-
61
1
1
-Рб/с2-
10
71
1
10
240
250
70
14
13
6
1
0
73
65
сигн_РДС
            (отн)
84
1
0
320
240
250
70
10
13
4
1
0
4
-4
УРОВЕНЬ mm
-бс1-
60
1
0
10
80
250
70
10
11
4
1
0
200
-200
УРОВЕНЬ
        -бс2-
67
1
0
10
80
250
70
10
7
4
1
0
200
-200
Nэл.мвт
        -тг1-
89
1
0
320
80
250
70
10
2
4
1
0
550
0
Nэл.мвт
                -тг2-
90
1
0
320
80
250
70
10
13
4
1
0
550
0