14
250
РАСХОДЫ т/ч
-пв-1
51
1
1
-Gтг1-
12
82
1
10
160
250
70
14
13
6
0
0
3000
1000
РАСХ  ГЦН т/ч
            -14
58
1
0
10
320
250
70
11
15
6
0
0
9000
2000
РАСХ  ГЦН т/ч
        -13
57
1
0
10
320
250
70
11
14
6
0
0
9000
2000
РАСХ  ГЦН т/ч
    -12
56
1
0
10
320
250
70
11
13
6
0
0
9000
2000
РАСХ  ГЦН т/ч
-11
55
1
0
10
320
250
70
11
12
6
0
0
9000
2000
Расход т/ч
-пв2-
73
1
1
-Gтг2-
10
83
1
320
160
250
70
14
13
6
0
0
3000
1000
РАСХ  ГЦН т/ч
            -24
80
1
0
320
320
250
70
11
15
6
0
0
9000
2000
РАСХ  ГЦН т/ч
        -23
79
1
0
320
320
250
70
11
14
6
0
0
9000
2000
РАСХ  ГЦН т/ч
    -22
78
1
0
320
320
250
70
11
13
6
0
0
9000
2000
РАСХ  ГЦН т/ч
-21
77
1
0
320
320
250
70
11
12
6
0
0
9000
2000
ДАВЛЕНИЕ кг/см2
-БС-1
61
1
1
-НапКолл
10
54
1
10
240
250
70
14
13
6
1
0
85
65
сигн.РДС
          (отн)
84
1
0
320
240
250
70
10
13
4
1
0
4
-4
УРОВЕНЬ В БС-1
 (mм)
60
1
0
10
80
250
70
10
13
4
1
0
200
-200
УРОВЕНЬ В БС-2
 (мм)
67
1
0
320
80
250
70
10
13
4
1
0
200
-200