15
250
Р-Д7 см
-Рд1-
95
1
1
-Рд2
12
96
1
10
160
250
70
14
13
6
0
0
7.5
0
Н-см
             -Д1
97
1
0
10
320
250
70
11
15
6
0
0
300
0
Н
            -Д2
98
1
0
10
320
250
70
11
14
6
0
0
300
0
Н
         -НК1
99
1
0
10
320
250
70
11
13
6
0
0
300
0
Н
    -НК2
100
1
0
10
320
250
70
11
12
6
0
0
300
0
Расход т/час
-Gкд1-
107
1
1
-Gкд2-
10
108
1
320
160
250
70
14
13
6
0
0
3200
0
сигн.%/c
                 -РУК1-
61
1
0
320
320
250
70
11
15
6
0
0
2
-2
сигн
        -РУК2-
112
1
0
320
320
250
70
11
14
6
0
0
2
-2
ати
-Рб/с1-
61
1
1
-Рб/с2-
10
71
1
10
240
250
70
14
13
6
1
0
73
65
%
             РУК1
109
1
0
320
240
250
70
10
13
4
1
0
100
0
%
    РУК2
110
1
0
320
240
250
70
10
10
4
1
0
100
0
УРОВЕНЬ mm
-бс1-
60
1
0
10
80
250
70
10
11
4
1
0
200
-200
УРОВЕНЬ
        -бс2-
67
1
0
10
80
250
70
10
7
4
1
0
200
-200
Nэл.мвт
                  -тг1-
89
1
0
320
80
250
70
10
2
4
1
0
550
0
Nэл.мвт
       -тг2-
90
1
0
320
80
250
70
10
13
4
1
0
550
0