8
250

N реактора в%

15
1
0
0
80
250
70
14
5
4
0
0
100
0
Т вх А.З.
-1-
26
1
1
-2-
10
27
5
0
160
250
70
14
10
3
0
0
 300
 200
Мощн кан
-1-
28
1
1
-кр-
4
34
1
0
240
250
70
14
10
3
1
0
 3.5
 0.0
паросод
-1-
41
1
1
-2-
15
42
1
0
320
250
70
14
10
4
3
0
 1
 0.0
G-кмпц т/час
-1-
24
1
1
-2-
4
25
1
320
80
250
70
10
11
5
0
0
3.0e+4
1e+3
T-недогрев
-1-
39
1
1
-2-
10
40
14
320
160
250
70
14
10
2
0
0
4e+1
0e+0
мощн кан
-1-
28
1
1
-кр-
12
35
1
320
240
250
70
10
11
4
1
0
 3.5
 0.0
пар эфф в Bэфф.

47
1
0
320
320
250
70
10
13
3
2
0
 0.5e-1
-0.5e-1


