
9             ЭФФЕКТЫ РЕАКТИВНОСТИ
250
Np в%
-
15
1
1
-коллРР вАЗ-
10
11
1
0
80
250
70
11
13
3
0
0
 100
 0
эффект Топл
 [aбс ед ]
48
1
0
0
160
250
70
12
14
6
5
0
 1.0E-3
-1.0E-3
Т-топл.
-1-
22
1
1
-2-
4
23
1
0
240
250
70
11
10
4
0
0
 2500
 1000
Об"ем_паросод
-1-
41
1
1
-2-
15
42
1
0
320
250
70
13
14
3
2
0
1
0
Т гр(С)
-1-
20
1
1
-2-
15
21
1
320
80
250
70
7
11
4
1
0
 800
 200
эфф Граф
-а_е-
46
1
0
320
160
250
70
14
4
5
4
0
 5.0e-3
-5.0e-3
Полож[M]
-AP1-
4
1
1
-AP2-
12
5
1
320
240
250
70
15
11
3
1
0
 6
 1
эфф [A_E]
 паровой
47
1
0
320
320
250
70
10
13
5
4
0
0.5e-3
-0.5e-3
э
                  ОТР_Хе
49
1
0
320
320
250
70
10
13
5
4
0
0.5e-3
-0.5e-3
