18           ГРАФИКИ ПО СПИР И ПРОМКОНТУРУ
250
Gкон_т/час
-бД/О-
163
1
1
-мД/О-
13
164
1
10
160
250
70
14
15
4
0
0
1100
0
GтвТ/час
               ТО1
166
1
0
10
320
250
70
11
15
5
0
0
750
0
G
                ТО2
167
1
0
10
320
250
70
11
14
5
0
0
750
0
G
            ТО3
168
1
0
10
320
250
70
11
13
5
0
0
750
0
G
       ТО4
169
1
0
10
320
250
70
11
12
5
0
0
750
0
T
-Tб/с
176
1
1
-Тобр_СПИР
10
177
1
320
160
250
70
14
13
4
0
0
300
50
GпкТ/ч
              ТО1
171
1
0
320
320
250
70
11
15
5
0
0
750
0
G
              ТО2
172
1
0
320
320
250
70
11
14
5
0
0
750
0
G
          ТО3
173
1
0
320
320
250
70
11
13
5
0
0
750
0
G
     ТО4
174
1
0
320
320
250
70
11
12
5
0
0
750
0
Тпк до ТО
-
175
1
1
-
10
175
1
10
240
250
70
14
13
4
1
0
100
0
Gспир-Т/час
             БС1
180
1
0
320
240
250
70
10
13
4
1
0
400
0
G
            из БС2
181
1
0
320
240
250
70
10
10
4
1
0
400
0
Gт/ч
обРЕГ
142
1
0
10
80
250
70
12
13
4
1
0
1200
0
G
        прРЕГ
141
1
0
10
80
250
70
13
15
4
1
0
1200
0
G
                 сбрс
178
1
0
10
80
250
70
12
11
4
1
0
1200
0
G
             сво
179
1
0
10
80
250
70
9
7
4
1
0
1200
0
Скорость разогр.
-С/час
182
1
0
320
80
250
70
10
2
4
1
0
100
-100
