8
250
N реактора в%

15
1
0
0
80
250
70
14
5
4
0
0
100
0
Т вх А.З.
-1-
26
1
1
-2-
7
27
1
0
160
250
70
14
10
3
0
0
 300
 200
Мощн кан
-1-
28
1
1
-кр-
4
34
1
0
240
250
70
14
10
3
1
0
 3.5
 0.0
 Т-обол.твэл
-1-
18
1
1
-2-
4
19
1
0
320
250
70
14
10
3
1
0
 350
 250
G-кмпц т/час
-1-
24
1
1
-2-
4
25
1
320
80
250
70
10
11
5
0
0
3.0e+4
1e+3
T-топл.
-1-
22
1
1
-2-
14
23
1
320
160
250
70
14
10
4
0
0
2500
1000
мощн кан
-1-
28
1
1
-кр-
12
35
1
320
240
250
70
10
11
4
1
0
 3.5
 0.0
Инт.эфф.топл.в A.E.

48
1
0
320
320
250
70
10
13
6
4
0
 0.0002
-0.0002


