17           ГРАФИКИ ПО ВАКУУМНОЙ СИСТЕМЕ
250
вакуум ата
-тг1-
143
1
1
-тг2-
13
144
1
10
160
250
70
14
15
4
3
0
0.2
0
G_кг/ч
                Gэ11
145
1
0
10
320
250
70
11
15
5
0
0
500
0
G
               Gэ12
146
1
0
10
320
250
70
11
14
5
0
0
500
0
G
          Gэ13
147
1
0
10
320
250
70
11
13
5
0
0
500
0
G
     Gэп1
148
1
0
10
320
250
70
11
12
5
0
0
500
0
Pати
-Исп1
155
1
1
-Исп2
10
156
1
320
160
250
70
14
13
4
2
0
10
0
Gкг/ч 
                Gэ21
149
1
0
320
320
250
70
11
15
5
0
0
500
0
G
               Gэ22
150
1
0
320
320
250
70
11
14
5
0
0
500
0
G
           Gэ23  
151
1
0
320
320
250
70
11
13
5
0
0
500
0
G
      Gэп2 
152
1
0
320
320
250
70
11
12
5
0
0
500
0
Pгр_ати
-Исп1
157
1
1
-Исп2
10
158
1
10
240
250
70
14
13
4
1
0
10
0
возд_КГ в 
             КНД1
153
1
0
320
240
250
70
10
13
4
0
0
50
0
в
          КНД2 
154
1
0
320
240
250
70
10
10
4
0
0
50
0
присосКг/ч в 
        ТГ2
160
1
0
10
80
250
70
10
11
4
0
0
1000
0
присос
       TГ1 
159
1
0
10
80
250
70
10
2
4
0
0
1000
0
GэуКг/ч 
           ТГ1
161
1
0
320
80
250
70
10
2
4
0
0
1000
0
G
        ТГ2 
162
1
0
320
80
250
70
10
13
4
0
0
1000
0