17           çÄÅéê ÇÄäììåÄ
250
¢†™„„¨
-‚£1-
143
1
1
-‚£2-
13
144
1
10
160
250
70
14
15
4
3
0
1
0
GÌ¶
                GÌ11
145
1
0
10
320
250
70
11
15
5
0
0
500
0
G
             GÌ12
146
1
0
10
320
250
70
11
14
5
0
0
500
0
G
        GÌ13
147
1
0
10
320
250
70
11
13
5
0
0
500
0
G
   GÌØ1
148
1
0
10
320
250
70
11
12
5
0
0
500
0
P
-à·Ø1
155
1
1
-à·Ø2
10
156
1
320
160
250
70
14
13
4
2
0
10
0
GÌ¶
                GÌ21
149
1
0
320
320
250
70
11
15
5
0
0
500
0
G
             GÌ22
150
1
0
320
320
250
70
11
14
5
0
0
500
0
G
        GÌ23
151
1
0
320
320
250
70
11
13
5
0
0
500
0
G
   GÌØ2
152
1
0
320
320
250
70
11
12
5
0
0
500
0
P£‡
-à·Ø1
157
1
1
-à·Ø2
10
158
1
10
240
250
70
14
13
4
1
0
10
0
¨†··
               äçÑ1
153
1
0
320
240
250
70
10
13
4
0
0
1600
0
m
     ¢Æß§ äçÑ2
154
1
0
320
240
250
70
10
10
4
0
0
1600
0
G
           íÉ2
160
1
0
10
80
250
70
10
11
4
0
0
1000
0
GØ‡®·_™£/Á
               íÉ1
169
1
0
10
80
250
70
10
2
4
0
0
1000
0
GÌ„
     íÉ1
161
1
0
320
80
250
70
10
2
4
0
0
1000
0
G
             íÉ2
162
1
0
320
80
250
70
10
13
4
0
0
1000
0