1
0 0 0
30 
38
 0 0 1 0
 0.164595 0 0.986361 0
 0.324699 0 0.945817 0
 0.475947 0 0.879474 0
 0.614213 0 0.789141 0
 0.735724 0 0.677282 0
 0.837166 0 0.546948 0
 0.915773 0 0.401695 0
 0.9694 0 0.245485 0
 0.996584 0 0.0825793 0
 0.996584 0 -0.0825793 0
 0.9694 0 -0.245485 0
 0.915773 0 -0.401695 0
 0.837166 0 -0.546948 0
 0.735724 0 -0.677282 0
 0.614213 0 -0.789141 0
 0.475947 0 -0.879474 0
 0.324699 0 -0.945817 0
 0.164595 0 -0.986361 0
 3.58979e-009 0 -1 0
 -0.164595 0 -0.986361 0
 -0.324699 0 -0.945817 0
 -0.475947 0 -0.879474 0
 -0.614213 0 -0.789141 0
 -0.735724 0 -0.677282 0
 -0.837166 0 -0.546948 0
 -0.915773 0 -0.401695 0
 -0.9694 0 -0.245485 0
 -0.996584 0 -0.0825794 0
 -0.996584 0 0.0825793 0
 -0.9694 0 0.245485 0
 -0.915773 0 0.401695 0
 -0.837166 0 0.546948 0
 -0.735724 0 0.677282 0
 -0.614213 0 0.789141 0
 -0.475947 0 0.879474 0
 -0.324699 0 0.945817 0
 -0.164595 0 0.986361 0
38
 0 0 1 0
 0.158986 0.0426002 0.986361 0
 0.313636 0.0840384 0.945817 0
 0.45973 0.123184 0.879474 0
 0.593284 0.15897 0.789141 0
 0.710655 0.190419 0.677282 0
 0.808641 0.216675 0.546948 0
 0.884569 0.23702 0.401695 0
 0.936369 0.250899 0.245485 0
 0.962627 0.257935 0.0825793 0
 0.962627 0.257935 -0.0825793 0
 0.936369 0.250899 -0.245485 0
 0.884569 0.23702 -0.401695 0
 0.808641 0.216675 -0.546948 0
 0.710655 0.190419 -0.677282 0
 0.593284 0.15897 -0.789141 0
 0.45973 0.123184 -0.879474 0
 0.313636 0.0840384 -0.945817 0
 0.158986 0.0426002 -0.986361 0
 3.46747e-009 9.29107e-010 -1 0
 -0.158986 -0.0426002 -0.986361 0
 -0.313636 -0.0840384 -0.945817 0
 -0.45973 -0.123184 -0.879474 0
 -0.593284 -0.15897 -0.789141 0
 -0.710655 -0.190419 -0.677282 0
 -0.808641 -0.216675 -0.546948 0
 -0.884569 -0.23702 -0.401695 0
 -0.936369 -0.250899 -0.245485 0
 -0.962627 -0.257935 -0.0825794 0
 -0.962627 -0.257935 0.0825793 0
 -0.936369 -0.250899 0.245485 0
 -0.884569 -0.23702 0.401695 0
 -0.808641 -0.216675 0.546948 0
 -0.710655 -0.190419 0.677282 0
 -0.593284 -0.15897 0.789141 0
 -0.45973 -0.123184 0.879474 0
 -0.313636 -0.0840384 0.945817 0
 -0.158986 -0.0426002 0.986361 0
38
 0 0 1 0
 0.142543 0.0822973 0.986361 0
 0.281198 0.16235 0.945817 0
 0.412183 0.237974 0.879474 0
 0.531924 0.307106 0.789141 0
 0.637156 0.367862 0.677282 0
 0.725007 0.418583 0.546948 0
 0.793083 0.457887 0.401695 0
 0.839525 0.4847 0.245485 0
 0.863067 0.498292 0.0825793 0
 0.863067 0.498292 -0.0825793 0
 0.839525 0.4847 -0.245485 0
 0.793083 0.457887 -0.401695 0
 0.725007 0.418583 -0.546948 0
 0.637156 0.367862 -0.677282 0
 0.531924 0.307106 -0.789141 0
 0.412183 0.237974 -0.879474 0
 0.281198 0.16235 -0.945817 0
 0.142543 0.0822973 -0.986361 0
 3.10885e-009 1.7949e-009 -1 0
 -0.142543 -0.0822973 -0.986361 0
 -0.281198 -0.16235 -0.945817 0
 -0.412183 -0.237974 -0.879474 0
 -0.531924 -0.307106 -0.789141 0
 -0.637156 -0.367862 -0.677282 0
 -0.725007 -0.418583 -0.546948 0
 -0.793083 -0.457887 -0.401695 0
 -0.839525 -0.4847 -0.245485 0
 -0.863067 -0.498292 -0.0825794 0
 -0.863067 -0.498292 0.0825793 0
 -0.839525 -0.4847 0.245485 0
 -0.793083 -0.457887 0.401695 0
 -0.725007 -0.418583 0.546948 0
 -0.637156 -0.367862 0.677282 0
 -0.531924 -0.307106 0.789141 0
 -0.412183 -0.237974 0.879474 0
 -0.281198 -0.16235 0.945817 0
 -0.142543 -0.0822973 0.986361 0
38
 0 0 1 0
 0.116386 0.116386 0.986361 0
 0.229597 0.229597 0.945817 0
 0.336546 0.336546 0.879474 0
 0.434314 0.434314 0.789141 0
 0.520235 0.520235 0.677282 0
 0.591966 0.591966 0.546948 0
 0.64755 0.64755 0.401695 0
 0.68547 0.68547 0.245485 0
 0.704692 0.704692 0.0825793 0
 0.704692 0.704692 -0.0825793 0
 0.68547 0.68547 -0.245485 0
 0.64755 0.64755 -0.401695 0
 0.591966 0.591966 -0.546948 0
 0.520235 0.520235 -0.677282 0
 0.434314 0.434314 -0.789141 0
 0.336546 0.336546 -0.879474 0
 0.229597 0.229597 -0.945817 0
 0.116386 0.116386 -0.986361 0
 2.53837e-009 2.53837e-009 -1 0
 -0.116386 -0.116386 -0.986361 0
 -0.229597 -0.229597 -0.945817 0
 -0.336546 -0.336546 -0.879474 0
 -0.434314 -0.434314 -0.789141 0
 -0.520235 -0.520235 -0.677282 0
 -0.591966 -0.591966 -0.546948 0
 -0.64755 -0.64755 -0.401695 0
 -0.68547 -0.68547 -0.245485 0
 -0.704692 -0.704692 -0.0825794 0
 -0.704692 -0.704692 0.0825793 0
 -0.68547 -0.68547 0.245485 0
 -0.64755 -0.64755 0.401695 0
 -0.591966 -0.591966 0.546948 0
 -0.520235 -0.520235 0.677282 0
 -0.434314 -0.434314 0.789141 0
 -0.336546 -0.336546 0.879474 0
 -0.229597 -0.229597 0.945817 0
 -0.116386 -0.116386 0.986361 0
38
 0 0 1 0
 0.0822973 0.142543 0.986361 0
 0.16235 0.281198 0.945817 0
 0.237974 0.412183 0.879474 0
 0.307106 0.531924 0.789141 0
 0.367862 0.637156 0.677282 0
 0.418583 0.725007 0.546948 0
 0.457887 0.793083 0.401695 0
 0.4847 0.839525 0.245485 0
 0.498292 0.863067 0.0825793 0
 0.498292 0.863067 -0.0825793 0
 0.4847 0.839525 -0.245485 0
 0.457887 0.793083 -0.401695 0
 0.418583 0.725007 -0.546948 0
 0.367862 0.637156 -0.677282 0
 0.307106 0.531924 -0.789141 0
 0.237974 0.412183 -0.879474 0
 0.16235 0.281198 -0.945817 0
 0.0822973 0.142543 -0.986361 0
 1.7949e-009 3.10885e-009 -1 0
 -0.0822973 -0.142543 -0.986361 0
 -0.16235 -0.281198 -0.945817 0
 -0.237974 -0.412183 -0.879474 0
 -0.307106 -0.531924 -0.789141 0
 -0.367862 -0.637156 -0.677282 0
 -0.418583 -0.725007 -0.546948 0
 -0.457887 -0.793083 -0.401695 0
 -0.4847 -0.839525 -0.245485 0
 -0.498292 -0.863067 -0.0825794 0
 -0.498292 -0.863067 0.0825793 0
 -0.4847 -0.839525 0.245485 0
 -0.457887 -0.793083 0.401695 0
 -0.418583 -0.725007 0.546948 0
 -0.367862 -0.637156 0.677282 0
 -0.307106 -0.531924 0.789141 0
 -0.237974 -0.412183 0.879474 0
 -0.16235 -0.281198 0.945817 0
 -0.0822973 -0.142543 0.986361 0
38
 0 0 1 0
 0.0426002 0.158986 0.986361 0
 0.0840384 0.313636 0.945817 0
 0.123184 0.45973 0.879474 0
 0.15897 0.593284 0.789141 0
 0.190419 0.710655 0.677282 0
 0.216675 0.808641 0.546948 0
 0.23702 0.884569 0.401695 0
 0.250899 0.936369 0.245485 0
 0.257935 0.962627 0.0825793 0
 0.257935 0.962627 -0.0825793 0
 0.250899 0.936369 -0.245485 0
 0.23702 0.884569 -0.401695 0
 0.216675 0.808641 -0.546948 0
 0.190419 0.710655 -0.677282 0
 0.15897 0.593284 -0.789141 0
 0.123184 0.45973 -0.879474 0
 0.0840384 0.313636 -0.945817 0
 0.0426002 0.158986 -0.986361 0
 9.29107e-010 3.46747e-009 -1 0
 -0.0426002 -0.158986 -0.986361 0
 -0.0840384 -0.313636 -0.945817 0
 -0.123184 -0.45973 -0.879474 0
 -0.15897 -0.593284 -0.789141 0
 -0.190419 -0.710655 -0.677282 0
 -0.216675 -0.808641 -0.546948 0
 -0.23702 -0.884569 -0.401695 0
 -0.250899 -0.936369 -0.245485 0
 -0.257935 -0.962627 -0.0825794 0
 -0.257935 -0.962627 0.0825793 0
 -0.250899 -0.936369 0.245485 0
 -0.23702 -0.884569 0.401695 0
 -0.216675 -0.808641 0.546948 0
 -0.190419 -0.710655 0.677282 0
 -0.15897 -0.593284 0.789141 0
 -0.123184 -0.45973 0.879474 0
 -0.0840384 -0.313636 0.945817 0
 -0.0426002 -0.158986 0.986361 0
38
 0 0 1 0
 2.9543e-010 0.164595 0.986361 0
 5.82802e-010 0.324699 0.945817 0
 8.54276e-010 0.475947 0.879474 0
 1.10245e-009 0.614213 0.789141 0
 1.32055e-009 0.735724 0.677282 0
 1.50263e-009 0.837166 0.546948 0
 1.64372e-009 0.915773 0.401695 0
 1.73997e-009 0.9694 0.245485 0
 1.78877e-009 0.996584 0.0825793 0
 1.78877e-009 0.996584 -0.0825793 0
 1.73997e-009 0.9694 -0.245485 0
 1.64372e-009 0.915773 -0.401695 0
 1.50263e-009 0.837166 -0.546948 0
 1.32055e-009 0.735724 -0.677282 0
 1.10245e-009 0.614213 -0.789141 0
 8.54276e-010 0.475947 -0.879474 0
 5.82802e-010 0.324699 -0.945817 0
 2.9543e-010 0.164595 -0.986361 0
 6.44331e-018 3.58979e-009 -1 0
 -2.9543e-010 -0.164595 -0.986361 0
 -5.82802e-010 -0.324699 -0.945817 0
 -8.54276e-010 -0.475947 -0.879474 0
 -1.10245e-009 -0.614213 -0.789141 0
 -1.32055e-009 -0.735724 -0.677282 0
 -1.50263e-009 -0.837166 -0.546948 0
 -1.64372e-009 -0.915773 -0.401695 0
 -1.73997e-009 -0.9694 -0.245485 0
 -1.78877e-009 -0.996584 -0.0825794 0
 -1.78877e-009 -0.996584 0.0825793 0
 -1.73997e-009 -0.9694 0.245485 0
 -1.64372e-009 -0.915773 0.401695 0
 -1.50263e-009 -0.837166 0.546948 0
 -1.32055e-009 -0.735724 0.677282 0
 -1.10245e-009 -0.614213 0.789141 0
 -8.54276e-010 -0.475947 0.879474 0
 -5.82802e-010 -0.324699 0.945817 0
 -2.9543e-010 -0.164595 0.986361 0
38
 0 0 1 0
 -0.0426002 0.158986 0.986361 0
 -0.0840384 0.313636 0.945817 0
 -0.123184 0.45973 0.879474 0
 -0.15897 0.593284 0.789141 0
 -0.190419 0.710655 0.677282 0
 -0.216675 0.808641 0.546948 0
 -0.23702 0.884569 0.401695 0
 -0.250899 0.936369 0.245485 0
 -0.257935 0.962627 0.0825793 0
 -0.257935 0.962627 -0.0825793 0
 -0.250899 0.936369 -0.245485 0
 -0.23702 0.884569 -0.401695 0
 -0.216675 0.808641 -0.546948 0
 -0.190419 0.710655 -0.677282 0
 -0.15897 0.593284 -0.789141 0
 -0.123184 0.45973 -0.879474 0
 -0.0840384 0.313636 -0.945817 0
 -0.0426002 0.158986 -0.986361 0
 -9.29107e-010 3.46747e-009 -1 0
 0.0426002 -0.158986 -0.986361 0
 0.0840384 -0.313636 -0.945817 0
 0.123184 -0.45973 -0.879474 0
 0.15897 -0.593284 -0.789141 0
 0.190419 -0.710655 -0.677282 0
 0.216675 -0.808641 -0.546948 0
 0.23702 -0.884569 -0.401695 0
 0.250899 -0.936369 -0.245485 0
 0.257935 -0.962627 -0.0825794 0
 0.257935 -0.962627 0.0825793 0
 0.250899 -0.936369 0.245485 0
 0.23702 -0.884569 0.401695 0
 0.216675 -0.808641 0.546948 0
 0.190419 -0.710655 0.677282 0
 0.15897 -0.593284 0.789141 0
 0.123184 -0.45973 0.879474 0
 0.0840384 -0.313636 0.945817 0
 0.0426002 -0.158986 0.986361 0
38
 0 0 1 0
 -0.0822973 0.142543 0.986361 0
 -0.16235 0.281198 0.945817 0
 -0.237974 0.412183 0.879474 0
 -0.307106 0.531924 0.789141 0
 -0.367862 0.637156 0.677282 0
 -0.418583 0.725007 0.546948 0
 -0.457887 0.793083 0.401695 0
 -0.4847 0.839525 0.245485 0
 -0.498292 0.863067 0.0825793 0
 -0.498292 0.863067 -0.0825793 0
 -0.4847 0.839525 -0.245485 0
 -0.457887 0.793083 -0.401695 0
 -0.418583 0.725007 -0.546948 0
 -0.367862 0.637156 -0.677282 0
 -0.307106 0.531924 -0.789141 0
 -0.237974 0.412183 -0.879474 0
 -0.16235 0.281198 -0.945817 0
 -0.0822973 0.142543 -0.986361 0
 -1.7949e-009 3.10885e-009 -1 0
 0.0822973 -0.142543 -0.986361 0
 0.16235 -0.281198 -0.945817 0
 0.237974 -0.412183 -0.879474 0
 0.307106 -0.531924 -0.789141 0
 0.367862 -0.637156 -0.677282 0
 0.418583 -0.725007 -0.546948 0
 0.457887 -0.793083 -0.401695 0
 0.4847 -0.839525 -0.245485 0
 0.498292 -0.863067 -0.0825794 0
 0.498292 -0.863067 0.0825793 0
 0.4847 -0.839525 0.245485 0
 0.457887 -0.793083 0.401695 0
 0.418583 -0.725007 0.546948 0
 0.367862 -0.637156 0.677282 0
 0.307106 -0.531924 0.789141 0
 0.237974 -0.412183 0.879474 0
 0.16235 -0.281198 0.945817 0
 0.0822973 -0.142543 0.986361 0
38
 0 0 1 0
 -0.116386 0.116386 0.986361 0
 -0.229597 0.229597 0.945817 0
 -0.336546 0.336546 0.879474 0
 -0.434314 0.434314 0.789141 0
 -0.520235 0.520235 0.677282 0
 -0.591966 0.591966 0.546948 0
 -0.64755 0.64755 0.401695 0
 -0.685469 0.68547 0.245485 0
 -0.704692 0.704692 0.0825793 0
 -0.704692 0.704692 -0.0825793 0
 -0.68547 0.68547 -0.245485 0
 -0.64755 0.64755 -0.401695 0
 -0.591966 0.591966 -0.546948 0
 -0.520235 0.520235 -0.677282 0
 -0.434314 0.434314 -0.789141 0
 -0.336546 0.336546 -0.879474 0
 -0.229597 0.229597 -0.945817 0
 -0.116386 0.116386 -0.986361 0
 -2.53837e-009 2.53837e-009 -1 0
 0.116386 -0.116386 -0.986361 0
 0.229597 -0.229597 -0.945817 0
 0.336546 -0.336546 -0.879474 0
 0.434314 -0.434314 -0.789141 0
 0.520235 -0.520235 -0.677282 0
 0.591966 -0.591966 -0.546948 0
 0.64755 -0.64755 -0.401695 0
 0.685469 -0.68547 -0.245485 0
 0.704692 -0.704692 -0.0825794 0
 0.704692 -0.704692 0.0825793 0
 0.68547 -0.68547 0.245485 0
 0.64755 -0.64755 0.401695 0
 0.591966 -0.591966 0.546948 0
 0.520235 -0.520235 0.677282 0
 0.434314 -0.434314 0.789141 0
 0.336546 -0.336546 0.879474 0
 0.229597 -0.229597 0.945817 0
 0.116386 -0.116386 0.986361 0
38
 0 0 1 0
 -0.142543 0.0822973 0.986361 0
 -0.281198 0.16235 0.945817 0
 -0.412183 0.237974 0.879474 0
 -0.531924 0.307106 0.789141 0
 -0.637156 0.367862 0.677282 0
 -0.725007 0.418583 0.546948 0
 -0.793083 0.457887 0.401695 0
 -0.839525 0.4847 0.245485 0
 -0.863067 0.498292 0.0825793 0
 -0.863067 0.498292 -0.0825793 0
 -0.839525 0.4847 -0.245485 0
 -0.793083 0.457887 -0.401695 0
 -0.725007 0.418583 -0.546948 0
 -0.637156 0.367862 -0.677282 0
 -0.531924 0.307106 -0.789141 0
 -0.412183 0.237974 -0.879474 0
 -0.281198 0.16235 -0.945817 0
 -0.142543 0.0822973 -0.986361 0
 -3.10885e-009 1.7949e-009 -1 0
 0.142543 -0.0822973 -0.986361 0
 0.281198 -0.16235 -0.945817 0
 0.412183 -0.237974 -0.879474 0
 0.531924 -0.307106 -0.789141 0
 0.637156 -0.367862 -0.677282 0
 0.725007 -0.418583 -0.546948 0
 0.793083 -0.457887 -0.401695 0
 0.839525 -0.4847 -0.245485 0
 0.863067 -0.498292 -0.0825794 0
 0.863067 -0.498292 0.0825793 0
 0.839525 -0.4847 0.245485 0
 0.793083 -0.457887 0.401695 0
 0.725007 -0.418583 0.546948 0
 0.637156 -0.367862 0.677282 0
 0.531924 -0.307106 0.789141 0
 0.412183 -0.237974 0.879474 0
 0.281198 -0.16235 0.945817 0
 0.142543 -0.0822973 0.986361 0
38
 0 0 1 0
 -0.158986 0.0426002 0.986361 0
 -0.313636 0.0840384 0.945817 0
 -0.45973 0.123184 0.879474 0
 -0.593284 0.15897 0.789141 0
 -0.710655 0.190419 0.677282 0
 -0.808641 0.216675 0.546948 0
 -0.884569 0.23702 0.401695 0
 -0.936369 0.250899 0.245485 0
 -0.962627 0.257935 0.0825793 0
 -0.962627 0.257935 -0.0825793 0
 -0.936369 0.250899 -0.245485 0
 -0.884569 0.23702 -0.401695 0
 -0.808641 0.216675 -0.546948 0
 -0.710655 0.190419 -0.677282 0
 -0.593284 0.15897 -0.789141 0
 -0.45973 0.123184 -0.879474 0
 -0.313636 0.0840384 -0.945817 0
 -0.158986 0.0426002 -0.986361 0
 -3.46747e-009 9.29107e-010 -1 0
 0.158986 -0.0426002 -0.986361 0
 0.313636 -0.0840384 -0.945817 0
 0.45973 -0.123184 -0.879474 0
 0.593284 -0.15897 -0.789141 0
 0.710655 -0.190419 -0.677282 0
 0.808641 -0.216675 -0.546948 0
 0.884569 -0.23702 -0.401695 0
 0.936369 -0.250899 -0.245485 0
 0.962627 -0.257935 -0.0825794 0
 0.962627 -0.257935 0.0825793 0
 0.936369 -0.250899 0.245485 0
 0.884569 -0.23702 0.401695 0
 0.808641 -0.216675 0.546948 0
 0.710655 -0.190419 0.677282 0
 0.593284 -0.15897 0.789141 0
 0.45973 -0.123184 0.879474 0
 0.313636 -0.0840384 0.945817 0
 0.158986 -0.0426002 0.986361 0
24
 -0.164595 0 -0.986361 0
 -0.158986 -0.0426002 -0.986361 0
 -0.142543 -0.0822973 -0.986361 0
 -0.116386 -0.116386 -0.986361 0
 -0.0822973 -0.142543 -0.986361 0
 -0.0426002 -0.158986 -0.986361 0
 -2.9543e-010 -0.164595 -0.986361 0
 0.0426002 -0.158986 -0.986361 0
 0.0822973 -0.142543 -0.986361 0
 0.116386 -0.116386 -0.986361 0
 0.142543 -0.0822973 -0.986361 0
 0.158986 -0.0426002 -0.986361 0
 0.164595 -5.90861e-010 -0.986361 0
 0.158986 0.0426002 -0.986361 0
 0.142543 0.0822973 -0.986361 0
 0.116386 0.116386 -0.986361 0
 0.0822973 0.142543 -0.986361 0
 0.0426002 0.158986 -0.986361 0
 8.86291e-010 0.164595 -0.986361 0
 -0.0426002 0.158986 -0.986361 0
 -0.0822973 0.142543 -0.986361 0
 -0.116386 0.116386 -0.986361 0
 -0.142543 0.0822973 -0.986361 0
 -0.158986 0.0426002 -0.986361 0
24
 -0.324699 0 -0.945817 0
 -0.313636 -0.0840384 -0.945817 0
 -0.281198 -0.16235 -0.945817 0
 -0.229597 -0.229597 -0.945817 0
 -0.16235 -0.281198 -0.945817 0
 -0.0840384 -0.313636 -0.945817 0
 -5.82802e-010 -0.324699 -0.945817 0
 0.0840384 -0.313636 -0.945817 0
 0.16235 -0.281198 -0.945817 0
 0.229597 -0.229597 -0.945817 0
 0.281198 -0.16235 -0.945817 0
 0.313636 -0.0840384 -0.945817 0
 0.324699 -1.1656e-009 -0.945817 0
 0.313636 0.0840384 -0.945817 0
 0.281198 0.16235 -0.945817 0
 0.229597 0.229597 -0.945817 0
 0.16235 0.281198 -0.945817 0
 0.0840384 0.313636 -0.945817 0
 1.74841e-009 0.324699 -0.945817 0
 -0.0840384 0.313636 -0.945817 0
 -0.16235 0.281198 -0.945817 0
 -0.229597 0.229597 -0.945817 0
 -0.281198 0.16235 -0.945817 0
 -0.313636 0.0840384 -0.945817 0
24
 -0.475947 0 -0.879474 0
 -0.45973 -0.123184 -0.879474 0
 -0.412183 -0.237974 -0.879474 0
 -0.336546 -0.336546 -0.879474 0
 -0.237974 -0.412183 -0.879474 0
 -0.123184 -0.45973 -0.879474 0
 -8.54276e-010 -0.475947 -0.879474 0
 0.123184 -0.45973 -0.879474 0
 0.237974 -0.412183 -0.879474 0
 0.336546 -0.336546 -0.879474 0
 0.412183 -0.237974 -0.879474 0
 0.45973 -0.123184 -0.879474 0
 0.475947 -1.70855e-009 -0.879474 0
 0.45973 0.123184 -0.879474 0
 0.412183 0.237974 -0.879474 0
 0.336546 0.336546 -0.879474 0
 0.237974 0.412183 -0.879474 0
 0.123184 0.45973 -0.879474 0
 2.56283e-009 0.475947 -0.879474 0
 -0.123184 0.45973 -0.879474 0
 -0.237974 0.412183 -0.879474 0
 -0.336546 0.336546 -0.879474 0
 -0.412183 0.237974 -0.879474 0
 -0.45973 0.123184 -0.879474 0
24
 -0.614213 0 -0.789141 0
 -0.593284 -0.15897 -0.789141 0
 -0.531924 -0.307106 -0.789141 0
 -0.434314 -0.434314 -0.789141 0
 -0.307106 -0.531924 -0.789141 0
 -0.15897 -0.593284 -0.789141 0
 -1.10245e-009 -0.614213 -0.789141 0
 0.15897 -0.593284 -0.789141 0
 0.307106 -0.531924 -0.789141 0
 0.434314 -0.434314 -0.789141 0
 0.531924 -0.307106 -0.789141 0
 0.593284 -0.15897 -0.789141 0
 0.614213 -2.2049e-009 -0.789141 0
 0.593284 0.15897 -0.789141 0
 0.531924 0.307106 -0.789141 0
 0.434314 0.434314 -0.789141 0
 0.307106 0.531924 -0.789141 0
 0.15897 0.593284 -0.789141 0
 3.30734e-009 0.614213 -0.789141 0
 -0.15897 0.593284 -0.789141 0
 -0.307106 0.531924 -0.789141 0
 -0.434314 0.434314 -0.789141 0
 -0.531924 0.307106 -0.789141 0
 -0.593284 0.15897 -0.789141 0
24
 -0.735724 0 -0.677282 0
 -0.710655 -0.190419 -0.677282 0
 -0.637156 -0.367862 -0.677282 0
 -0.520235 -0.520235 -0.677282 0
 -0.367862 -0.637156 -0.677282 0
 -0.190419 -0.710655 -0.677282 0
 -1.32055e-009 -0.735724 -0.677282 0
 0.190419 -0.710655 -0.677282 0
 0.367862 -0.637156 -0.677282 0
 0.520235 -0.520235 -0.677282 0
 0.637156 -0.367862 -0.677282 0
 0.710655 -0.190419 -0.677282 0
 0.735724 -2.6411e-009 -0.677282 0
 0.710655 0.190419 -0.677282 0
 0.637156 0.367862 -0.677282 0
 0.520235 0.520235 -0.677282 0
 0.367862 0.637156 -0.677282 0
 0.190419 0.710655 -0.677282 0
 3.96164e-009 0.735724 -0.677282 0
 -0.190419 0.710655 -0.677282 0
 -0.367862 0.637156 -0.677282 0
 -0.520235 0.520235 -0.677282 0
 -0.637156 0.367862 -0.677282 0
 -0.710655 0.190419 -0.677282 0
24
 -0.837166 0 -0.546948 0
 -0.808641 -0.216675 -0.546948 0
 -0.725007 -0.418583 -0.546948 0
 -0.591966 -0.591966 -0.546948 0
 -0.418583 -0.725007 -0.546948 0
 -0.216675 -0.808641 -0.546948 0
 -1.50263e-009 -0.837166 -0.546948 0
 0.216675 -0.808641 -0.546948 0
 0.418583 -0.725007 -0.546948 0
 0.591966 -0.591966 -0.546948 0
 0.725007 -0.418583 -0.546948 0
 0.808641 -0.216675 -0.546948 0
 0.837166 -3.00525e-009 -0.546948 0
 0.808641 0.216675 -0.546948 0
 0.725007 0.418583 -0.546948 0
 0.591966 0.591966 -0.546948 0
 0.418583 0.725007 -0.546948 0
 0.216675 0.808641 -0.546948 0
 4.50788e-009 0.837166 -0.546948 0
 -0.216675 0.808641 -0.546948 0
 -0.418583 0.725007 -0.546948 0
 -0.591966 0.591966 -0.546948 0
 -0.725007 0.418583 -0.546948 0
 -0.808641 0.216675 -0.546948 0
24
 -0.915773 0 -0.401695 0
 -0.884569 -0.23702 -0.401695 0
 -0.793083 -0.457887 -0.401695 0
 -0.64755 -0.64755 -0.401695 0
 -0.457887 -0.793083 -0.401695 0
 -0.23702 -0.884569 -0.401695 0
 -1.64372e-009 -0.915773 -0.401695 0
 0.23702 -0.884569 -0.401695 0
 0.457887 -0.793083 -0.401695 0
 0.64755 -0.64755 -0.401695 0
 0.793083 -0.457887 -0.401695 0
 0.884569 -0.23702 -0.401695 0
 0.915773 -3.28744e-009 -0.401695 0
 0.884569 0.23702 -0.401695 0
 0.793083 0.457887 -0.401695 0
 0.64755 0.64755 -0.401695 0
 0.457887 0.793083 -0.401695 0
 0.23702 0.884569 -0.401695 0
 4.93115e-009 0.915773 -0.401695 0
 -0.23702 0.884569 -0.401695 0
 -0.457887 0.793083 -0.401695 0
 -0.64755 0.64755 -0.401695 0
 -0.793083 0.457887 -0.401695 0
 -0.884569 0.23702 -0.401695 0
24
 -0.9694 0 -0.245485 0
 -0.936369 -0.250899 -0.245485 0
 -0.839525 -0.4847 -0.245485 0
 -0.68547 -0.68547 -0.245485 0
 -0.4847 -0.839525 -0.245485 0
 -0.250899 -0.936369 -0.245485 0
 -1.73997e-009 -0.9694 -0.245485 0
 0.250899 -0.936369 -0.245485 0
 0.4847 -0.839525 -0.245485 0
 0.68547 -0.68547 -0.245485 0
 0.839525 -0.4847 -0.245485 0
 0.936369 -0.250899 -0.245485 0
 0.9694 -3.47995e-009 -0.245485 0
 0.936369 0.250899 -0.245485 0
 0.839525 0.4847 -0.245485 0
 0.68547 0.685469 -0.245485 0
 0.4847 0.839525 -0.245485 0
 0.250899 0.936369 -0.245485 0
 5.21992e-009 0.9694 -0.245485 0
 -0.250899 0.936369 -0.245485 0
 -0.4847 0.839525 -0.245485 0
 -0.685469 0.68547 -0.245485 0
 -0.839525 0.4847 -0.245485 0
 -0.936369 0.250899 -0.245485 0
24
 -0.996584 0 -0.0825793 0
 -0.962627 -0.257935 -0.0825793 0
 -0.863067 -0.498292 -0.0825793 0
 -0.704692 -0.704692 -0.0825793 0
 -0.498292 -0.863067 -0.0825793 0
 -0.257935 -0.962627 -0.0825793 0
 -1.78877e-009 -0.996584 -0.0825793 0
 0.257935 -0.962627 -0.0825793 0
 0.498292 -0.863067 -0.0825793 0
 0.704692 -0.704692 -0.0825793 0
 0.863067 -0.498292 -0.0825793 0
 0.962627 -0.257935 -0.0825793 0
 0.996584 -3.57753e-009 -0.0825793 0
 0.962627 0.257935 -0.0825793 0
 0.863067 0.498292 -0.0825793 0
 0.704692 0.704692 -0.0825793 0
 0.498292 0.863067 -0.0825793 0
 0.257935 0.962627 -0.0825793 0
 5.3663e-009 0.996584 -0.0825793 0
 -0.257935 0.962627 -0.0825793 0
 -0.498292 0.863067 -0.0825793 0
 -0.704692 0.704692 -0.0825793 0
 -0.863067 0.498292 -0.0825793 0
 -0.962627 0.257935 -0.0825793 0
24
 -0.996584 0 0.0825793 0
 -0.962627 -0.257935 0.0825793 0
 -0.863067 -0.498292 0.0825793 0
 -0.704692 -0.704692 0.0825793 0
 -0.498292 -0.863067 0.0825793 0
 -0.257935 -0.962627 0.0825793 0
 -1.78877e-009 -0.996584 0.0825793 0
 0.257935 -0.962627 0.0825793 0
 0.498292 -0.863067 0.0825793 0
 0.704692 -0.704692 0.0825793 0
 0.863067 -0.498292 0.0825793 0
 0.962627 -0.257935 0.0825793 0
 0.996584 -3.57753e-009 0.0825793 0
 0.962627 0.257935 0.0825793 0
 0.863067 0.498292 0.0825793 0
 0.704692 0.704692 0.0825793 0
 0.498292 0.863067 0.0825793 0
 0.257935 0.962627 0.0825793 0
 5.3663e-009 0.996584 0.0825793 0
 -0.257935 0.962627 0.0825793 0
 -0.498292 0.863067 0.0825793 0
 -0.704692 0.704692 0.0825793 0
 -0.863067 0.498292 0.0825793 0
 -0.962627 0.257935 0.0825793 0
24
 -0.9694 0 0.245485 0
 -0.936369 -0.250899 0.245485 0
 -0.839525 -0.4847 0.245485 0
 -0.68547 -0.68547 0.245485 0
 -0.4847 -0.839525 0.245485 0
 -0.250899 -0.936369 0.245485 0
 -1.73997e-009 -0.9694 0.245485 0
 0.250899 -0.936369 0.245485 0
 0.4847 -0.839525 0.245485 0
 0.685469 -0.68547 0.245485 0
 0.839525 -0.4847 0.245485 0
 0.936369 -0.250899 0.245485 0
 0.9694 -3.47995e-009 0.245485 0
 0.936369 0.250899 0.245485 0
 0.839525 0.4847 0.245485 0
 0.68547 0.685469 0.245485 0
 0.4847 0.839525 0.245485 0
 0.250899 0.936369 0.245485 0
 5.21992e-009 0.9694 0.245485 0
 -0.250899 0.936369 0.245485 0
 -0.4847 0.839525 0.245485 0
 -0.685469 0.68547 0.245485 0
 -0.839525 0.4847 0.245485 0
 -0.936369 0.250899 0.245485 0
24
 -0.915773 0 0.401695 0
 -0.884569 -0.23702 0.401695 0
 -0.793083 -0.457887 0.401695 0
 -0.64755 -0.64755 0.401695 0
 -0.457887 -0.793083 0.401695 0
 -0.23702 -0.884569 0.401695 0
 -1.64372e-009 -0.915773 0.401695 0
 0.23702 -0.884569 0.401695 0
 0.457887 -0.793083 0.401695 0
 0.64755 -0.64755 0.401695 0
 0.793083 -0.457887 0.401695 0
 0.884569 -0.23702 0.401695 0
 0.915773 -3.28744e-009 0.401695 0
 0.884569 0.23702 0.401695 0
 0.793083 0.457887 0.401695 0
 0.64755 0.64755 0.401695 0
 0.457887 0.793083 0.401695 0
 0.23702 0.884569 0.401695 0
 4.93115e-009 0.915773 0.401695 0
 -0.23702 0.884569 0.401695 0
 -0.457887 0.793083 0.401695 0
 -0.64755 0.64755 0.401695 0
 -0.793083 0.457887 0.401695 0
 -0.884569 0.23702 0.401695 0
24
 -0.837166 0 0.546948 0
 -0.808641 -0.216675 0.546948 0
 -0.725007 -0.418583 0.546948 0
 -0.591966 -0.591966 0.546948 0
 -0.418583 -0.725007 0.546948 0
 -0.216675 -0.808641 0.546948 0
 -1.50263e-009 -0.837166 0.546948 0
 0.216675 -0.808641 0.546948 0
 0.418583 -0.725007 0.546948 0
 0.591966 -0.591966 0.546948 0
 0.725007 -0.418583 0.546948 0
 0.808641 -0.216675 0.546948 0
 0.837166 -3.00525e-009 0.546948 0
 0.808641 0.216675 0.546948 0
 0.725007 0.418583 0.546948 0
 0.591966 0.591966 0.546948 0
 0.418583 0.725007 0.546948 0
 0.216675 0.808641 0.546948 0
 4.50788e-009 0.837166 0.546948 0
 -0.216675 0.808641 0.546948 0
 -0.418583 0.725007 0.546948 0
 -0.591966 0.591966 0.546948 0
 -0.725007 0.418583 0.546948 0
 -0.808641 0.216675 0.546948 0
24
 -0.735724 0 0.677282 0
 -0.710655 -0.190419 0.677282 0
 -0.637156 -0.367862 0.677282 0
 -0.520235 -0.520235 0.677282 0
 -0.367862 -0.637156 0.677282 0
 -0.190419 -0.710655 0.677282 0
 -1.32055e-009 -0.735724 0.677282 0
 0.190419 -0.710655 0.677282 0
 0.367862 -0.637156 0.677282 0
 0.520235 -0.520235 0.677282 0
 0.637156 -0.367862 0.677282 0
 0.710655 -0.190419 0.677282 0
 0.735724 -2.6411e-009 0.677282 0
 0.710655 0.190419 0.677282 0
 0.637156 0.367862 0.677282 0
 0.520235 0.520235 0.677282 0
 0.367862 0.637156 0.677282 0
 0.190419 0.710655 0.677282 0
 3.96164e-009 0.735724 0.677282 0
 -0.190419 0.710655 0.677282 0
 -0.367862 0.637156 0.677282 0
 -0.520235 0.520235 0.677282 0
 -0.637156 0.367862 0.677282 0
 -0.710655 0.190419 0.677282 0
24
 -0.614213 0 0.789141 0
 -0.593284 -0.15897 0.789141 0
 -0.531924 -0.307106 0.789141 0
 -0.434314 -0.434314 0.789141 0
 -0.307106 -0.531924 0.789141 0
 -0.15897 -0.593284 0.789141 0
 -1.10245e-009 -0.614213 0.789141 0
 0.15897 -0.593284 0.789141 0
 0.307106 -0.531924 0.789141 0
 0.434314 -0.434314 0.789141 0
 0.531924 -0.307106 0.789141 0
 0.593284 -0.15897 0.789141 0
 0.614213 -2.2049e-009 0.789141 0
 0.593284 0.15897 0.789141 0
 0.531924 0.307106 0.789141 0
 0.434314 0.434314 0.789141 0
 0.307106 0.531924 0.789141 0
 0.15897 0.593284 0.789141 0
 3.30734e-009 0.614213 0.789141 0
 -0.15897 0.593284 0.789141 0
 -0.307106 0.531924 0.789141 0
 -0.434314 0.434314 0.789141 0
 -0.531924 0.307106 0.789141 0
 -0.593284 0.15897 0.789141 0
24
 -0.475947 0 0.879474 0
 -0.45973 -0.123184 0.879474 0
 -0.412183 -0.237974 0.879474 0
 -0.336546 -0.336546 0.879474 0
 -0.237974 -0.412183 0.879474 0
 -0.123184 -0.45973 0.879474 0
 -8.54276e-010 -0.475947 0.879474 0
 0.123184 -0.45973 0.879474 0
 0.237974 -0.412183 0.879474 0
 0.336546 -0.336546 0.879474 0
 0.412183 -0.237974 0.879474 0
 0.45973 -0.123184 0.879474 0
 0.475947 -1.70855e-009 0.879474 0
 0.45973 0.123184 0.879474 0
 0.412183 0.237974 0.879474 0
 0.336546 0.336546 0.879474 0
 0.237974 0.412183 0.879474 0
 0.123184 0.45973 0.879474 0
 2.56283e-009 0.475947 0.879474 0
 -0.123184 0.45973 0.879474 0
 -0.237974 0.412183 0.879474 0
 -0.336546 0.336546 0.879474 0
 -0.412183 0.237974 0.879474 0
 -0.45973 0.123184 0.879474 0
24
 -0.324699 0 0.945817 0
 -0.313636 -0.0840384 0.945817 0
 -0.281198 -0.16235 0.945817 0
 -0.229597 -0.229597 0.945817 0
 -0.16235 -0.281198 0.945817 0
 -0.0840384 -0.313636 0.945817 0
 -5.82802e-010 -0.324699 0.945817 0
 0.0840384 -0.313636 0.945817 0
 0.16235 -0.281198 0.945817 0
 0.229597 -0.229597 0.945817 0
 0.281198 -0.16235 0.945817 0
 0.313636 -0.0840384 0.945817 0
 0.324699 -1.1656e-009 0.945817 0
 0.313636 0.0840384 0.945817 0
 0.281198 0.16235 0.945817 0
 0.229597 0.229597 0.945817 0
 0.16235 0.281198 0.945817 0
 0.0840384 0.313636 0.945817 0
 1.74841e-009 0.324699 0.945817 0
 -0.0840384 0.313636 0.945817 0
 -0.16235 0.281198 0.945817 0
 -0.229597 0.229597 0.945817 0
 -0.281198 0.16235 0.945817 0
 -0.313636 0.0840384 0.945817 0
24
 -0.164595 0 0.986361 0
 -0.158986 -0.0426002 0.986361 0
 -0.142543 -0.0822973 0.986361 0
 -0.116386 -0.116386 0.986361 0
 -0.0822973 -0.142543 0.986361 0
 -0.0426002 -0.158986 0.986361 0
 -2.9543e-010 -0.164595 0.986361 0
 0.0426002 -0.158986 0.986361 0
 0.0822973 -0.142543 0.986361 0
 0.116386 -0.116386 0.986361 0
 0.142543 -0.0822973 0.986361 0
 0.158986 -0.0426002 0.986361 0
 0.164595 -5.90861e-010 0.986361 0
 0.158986 0.0426002 0.986361 0
 0.142543 0.0822973 0.986361 0
 0.116386 0.116386 0.986361 0
 0.0822973 0.142543 0.986361 0
 0.0426002 0.158986 0.986361 0
 8.86291e-010 0.164595 0.986361 0
 -0.0426002 0.158986 0.986361 0
 -0.0822973 0.142543 0.986361 0
 -0.116386 0.116386 0.986361 0
 -0.142543 0.0822973 0.986361 0
 -0.158986 0.0426002 0.986361 0
